1.0621935043 4.0880203707 2.2867600995 -0.9037740278 3.5284558707 1.7957672370 7.1980143035 3.2090522777 5.4348729788 -8.0313283169 -7.3883144338 -0.0004101970 3.6428193517 5.8388090656 4.8694442242 -6.3264706147 -6.5551985741 -4.7042866479 6.1513270502 -1.8447173988 6.6398886220  
0.0852716840 0.2459222077 -1.2735806419 -3.5563699024 -0.0760581831 0.0814556614 1.4398972144 0.4668277670 0.2966433796 -7.2612716249 -10.9804501991 -0.0002664107 -0.3209835170 0.5391790315 0.0657348638 -7.4879847300 -5.8825292051 -4.0937052474 1.5332529760 -3.1619974892 1.1479209733  
0.7852352049 0.7785386781 -0.4022105603 -1.2837579632 0.5907941769 0.9687991616 1.6449105533 0.7677708382 0.9435975185 -3.3396579637 -5.8850810716 -0.0001037485 0.6751655049 0.9525842178 0.5148615203 -4.7077740226 -2.3490682431 -1.8372125877 1.5818527469 -1.7363236383 1.3568189863  
1.8757610924 2.5903698751 1.7926537374 0.6202900695 2.3970785354 2.7750818427 4.3043163230 1.9713831445 3.1741773157 -2.3649918557 -3.3647327413 0.0001768034 2.6607953121 3.3803271987 2.9816749057 -3.1497702407 -1.1788079833 -0.8714743780 3.5630159672 -0.3808553596 3.8598099251  
1.0119370043 1.2187618412 0.3254840620 0.1216128152 1.0288242164 1.5782940406 1.9645924098 1.0603145430 1.4210783103 -0.8583469590 -2.3924363911 0.0002335410 1.2787396360 1.3596925577 1.0139900626 -2.1066006541 -0.3608784597 -0.4650337351 1.7387485912 -0.4748882283 1.7102808378  
1.5875414779 2.3402812405 1.6892600622 1.1115299802 2.0136252333 2.8239133743 3.9167640734 1.7711871685 2.7470972180 -0.6205707685 -1.4439439582 -0.0000945099 2.4533146808 2.9618312967 2.7139890900 -1.3053022639 0.0477925282 -0.1743301546 3.1942383437 0.2665200767 3.4584780860  
-5.7256672944 -0.3089469087 -0.5346897714 -0.4189878596 -2.2712270138 -2.2358664471 -1.0778829351 0.9712121754 -0.4029116355 -1.8474337979 -0.9068720454 0.0001872401 -0.5411971133 0.5985878663 -0.2091832066 -0.2286463783 -1.6822646806 -3.0057752168 -0.1722468046 -1.1917047743 -0.6878610277  
-7.0282341771 -1.0823439163 -2.1209101540 -2.3603035017 -3.1277856775 -3.0688745319 -0.4839659754 0.1611807014 -1.4505149574 -5.1308553715 -3.4007507151 -0.0001424840 -1.9427914554 -0.2650768419 -0.9738579193 -2.7458778535 -4.7447943962 -5.7161584512 0.4501497071 -3.2060970064 -0.6598330470  
-6.1231248111 -0.9351712053 -1.0054169833 -0.1410184003 -3.3920777160 -2.4593815863 -3.5539721665 0.7216897359 -1.4302053210 -0.9123154132 -0.3142952127 -0.0000624387 -0.9658201385 -0.2982135677 -0.9130750573 0.2590389579 -0.8405723823 -2.6570934852 -2.5105234686 -1.1582004531 -2.4109286617  
-8.7789927720 -2.6056281979 -4.0412278843 -2.0755915297 -6.1709449154 -5.1165980460 -3.6773554463 -0.3288260248 -4.2497789407 -4.8043305316 -2.0674145083 0.0002514746 -3.6640129155 -2.3035785631 -2.9989691703 -2.2980121832 -4.3894721425 -6.8617507082 -1.2734463458 -4.2562836533 -3.6504235725  
2.5772948613 3.3269675140 4.5939023925 4.1973204239 2.8681804346 3.8879488133 -3.6595359917 4.1446399505 3.5349839921 5.6277635003 4.0650720941 0.0001036346 4.0201713180 3.8329157379 3.5025135798 5.6661867165 5.3489435343 4.6554990385 -4.3018744022 4.9161136595 0.5274444305  
0.3116561754 0.2871515665 0.1792101559 1.0381819652 -0.3951844751 0.3382100543 -4.3996337199 1.1560840070 0.2185835875 1.4237985895 0.8278566336 -0.0001289344 0.7090541428 0.2327416841 0.0453573990 1.3648311677 1.3634319028 0.4858652478 -8.2392100814 0.6697091522 -2.0330340742  
0.9751199008 0.7859996429 0.6458986582 1.2424060792 0.5371663014 1.2589326759 -2.2543196767 1.2823557355 0.8574108865 1.7678934698 1.0826626055 0.0002071499 1.1917379918 0.6005495230 0.4687729093 1.6708075901 1.7593395797 1.0738551066 -3.7063202631 1.0496784396 -0.7866294208  
2.7679567084 2.8143952221 3.4250350094 3.3217953520 2.6326257122 3.7986468759 -1.2685107949 2.9418118619 3.0396699827 4.4015728410 3.2211823110 0.0001090076 3.3829009529 2.7187018294 2.8875339297 4.3879350768 4.3443571631 3.7938880358 -1.8027346718 3.8661302836 1.0067090537  
1.3758998445 1.3036720503 1.2094042208 1.5609615688 1.0735575824 1.9839953395 -0.5057416644 1.5111265763 1.4330330856 2.2471551380 1.3535934703 0.0002608989 1.6850257193 1.0737041509 1.0207515625 2.0542913671 2.2176344175 1.5486544601 -0.7180234405 1.5955670909 0.3736765053  
2.6458596576 2.7654283430 3.3218889221 3.2072406494 2.3939405971 4.0848495767 -0.0865732002 2.7723103961 2.9726372869 4.4879581539 3.0752553659 -0.0001839297 3.3675452850 2.5474590010 2.8723623970 4.4488048058 4.4331264681 3.6249120730 0.0467255871 3.8004795915 1.4278131444  
-2.8634429055 -5.0595506037 -12.8833071958 -3.7009147276 -8.7746458567 -8.9276811741 -7.5018456007 -1.4945543848 -9.7682622758 -8.1759344763 -2.8121417039 0.0000522957 -6.8820316205 -7.3900650804 -9.5584767724 -5.5382758083 -7.1826885975 -11.8678837184 -2.1369884968 -10.4181083510 -9.0694833225  
0.8660783887 0.6312099615 -0.5880282524 0.3698057867 0.4894754642 1.0601778882 0.3266611476 0.7812515190 0.6575357851 0.4788812445 -0.3408476659 0.0003358879 0.7952656878 0.1809339863 -0.2296961227 -0.3959276402 0.5897873496 0.0507790459 0.5308495318 -0.3674112897 0.3374539166  
1.0076050334 1.1119059606 0.5514923001 0.9683783208 0.8595149622 1.6138251928 0.9866567499 1.0993706476 1.1986603669 1.2563398408 0.3668764155 0.0003547056 1.2972855063 0.8872254910 0.7384256908 0.7252646584 1.2593876555 0.7248948581 1.0062005074 0.7468992927 1.0515859423  
-0.0321600967 0.1380448708 -0.0826458413 0.1114309280 0.0492073695 -0.0243457568 1.1074589723 0.1119626991 0.3020868872 -1.0447188936 -0.2366309794 0.0002012998 0.2095468449 0.3835961698 0.2541351095 -1.0572801974 -0.6688042089 -0.8879691500 0.2810936675 -0.7796154409 0.7255161316  
1.0043746306 0.0415468556 -0.6291608031 0.1372618531 0.2724200578 1.6582865531 0.3599178111 -0.7638114615 -0.7228077062 0.9131422960 0.3577346679 0.0001589207 -0.1214992664 -0.9887670899 0.1286632879 0.0292403185 0.7604323883 0.5607571416 -0.0185208679 0.1550938942 0.1359247671  
4.3489406598 3.6185511796 5.1615644518 3.8038957332 4.6519916787 4.2221634104 4.1132388761 2.4513149566 4.4475758094 4.3796937875 4.8823587140 -0.0004441891 4.0432186979 3.9980334907 4.5157314666 3.7496823022 4.2926597177 4.6229575456 4.1329166581 4.4436772340 4.4399748769  
