2.5818929206 0.0001027589 4.3921841023 -8.7313503891 5.3531065452 2.8431624905 4.5092738198 4.4059699356 -2.9212495261 3.0293134847 0.5641079515 0.9811601356 -8.1563373192 -8.3553052325 -1.5571573648 3.5116696397 -10.5408372787 4.6634594027 4.9983056348 2.6055240404 -2.3188761938  
-0.7990044590 0.0003398639 -0.2718632691 -14.1047012498 1.0546879834 -0.5713353215 0.3849027461 0.2390640888 -8.6545365051 0.4824290339 -0.7709805732 0.3246698082 -10.2022397740 -9.6005771183 -1.1840737456 0.0810544802 -16.3126982969 1.3559715542 1.2351914210 0.1958255956 -4.2982171162  
0.4702997701 0.0000068814 0.3131975773 -7.5587427381 1.3072845727 0.3095673198 1.0860744952 0.8453251514 -4.5385556661 0.7148254008 0.4859653824 1.1638342848 -6.6039551547 -5.3242597233 0.0742394625 0.7752456184 -10.7997985056 1.4996685899 1.3172454443 1.1663588059 -2.0371814978  
2.3010106906 0.0001291817 2.7642163518 -4.6999774335 3.5850507306 2.6016250992 3.4059544296 2.9470225587 -1.2444344710 2.0469154283 1.5741056848 2.4167106750 -4.4164884228 -4.0817997233 1.4555776770 2.6110428754 -8.6865730249 3.1459758049 2.9832693896 3.0157289733 -0.4258196865  
1.1957462247 -0.0001611450 1.0866398333 -2.5459072893 1.8353078323 1.2911493190 1.7342259924 1.4696139693 -1.3894922098 1.1807150008 1.2612751699 1.7532440683 -2.9586817894 -2.0198705648 0.9292134062 1.3995824777 -4.6195531447 1.8779606192 1.6194599766 1.8028717281 -0.3380520438  
2.3559251784 0.0001676880 2.9306656819 -1.8078292158 3.7671879012 3.2022976356 3.5466974484 2.9695328154 0.3710473405 2.3853735011 1.9805284074 2.8083660383 -2.0906942480 -1.7236377935 1.9705304666 2.7081201185 -4.4294519488 3.3766992057 3.0332460666 3.2112272505 0.6007203312  
-2.6737542559 0.0000437445 -0.5283906018 -0.6862669194 -1.5835957328 -2.7820106809 -5.0952195392 -1.9134023584 -0.7632956457 -0.8328077720 -5.1651597601 -10.8364089873 -1.7418830819 -2.4369919908 -5.6993619815 -1.8053749920 -0.4414544394 -0.3370420660 -0.7456932010 -5.4685678528 -2.1832741728  
-4.2383651067 -0.0005106019 -1.5828921764 -3.6875755119 -1.1248354194 -3.2901069343 -5.1105703078 -2.7312569249 -3.1498394786 -0.8361725407 -8.2370178345 -12.8537654685 -4.9220842125 -6.1652826418 -7.0019049900 -2.6080639496 -3.3913191375 0.4089022540 0.0681487147 -5.8505336759 -4.9382268737  
-3.8592324367 0.0001201813 -2.0074598718 0.0825321336 -4.3975633723 -3.7944431129 -8.6082368093 -4.6702253826 -0.4776952289 -2.9743458468 -5.8637989279 -11.6739881798 -1.0894708553 -1.8412438185 -5.9361988308 -3.3920554549 0.3405913568 -2.5977932076 -3.5118615567 -6.8154587916 -2.2922189802  
-7.7923769844 0.0000263088 -5.1830592911 -2.3367724553 -4.8316434137 -6.6649978384 -11.1924119147 -7.9313234743 -2.8165278607 -2.8206971608 -10.1261141912 -14.6982674658 -5.1047617271 -6.7234177176 -10.0320257810 -6.2718431909 -2.1476590302 -1.1084430399 -2.0777856775 -10.3282191608 -6.8329264670  
3.3302537085 -0.0001640312 3.9625828406 7.0055799300 -5.0978860070 2.5106472417 -5.2612083565 1.8964423378 5.8174275957 1.0069116262 4.5356076621 1.5267594723 7.4237921613 7.3388843749 4.6148463071 2.7917928417 7.2228854309 -10.1544794545 -8.5252340558 1.4269954091 6.3050053191  
0.0102329712 -0.0002864833 -0.6318511761 2.0385418080 -7.5741890616 -0.5785988683 -5.4468615133 -2.0481187345 1.5722006682 -7.7006483866 0.8400724097 0.4140045886 1.8578109720 1.7907271564 0.3556779648 -0.6380303888 1.9050120044 -16.7908185457 -13.6429613529 -0.1705077195 1.2494308072  
0.7763730102 -0.0002909151 0.0088632758 2.1596278306 -4.2805420518 0.3952187953 -2.4189513897 -0.2971460192 1.6505364596 -2.5210062994 1.4426805103 1.3152350780 2.0455344004 1.9534143859 1.3583991248 0.3965620863 1.9575901452 -8.0039048784 -6.3797646953 1.0391895129 1.5597062669  
2.7189387407 0.0003356388 2.5730429533 4.8706943630 -2.1622007036 3.0032393091 -1.2873892124 1.8591956487 4.0977117549 1.9790534872 3.3382708216 2.9188359152 5.3016991010 5.0031421846 4.4675887447 2.3667598165 4.6903113290 -5.7802496377 -4.0432417291 3.0738763276 4.4110105166  
1.3284055077 0.0002520029 0.8151832113 2.4472186988 -1.2470970742 1.2597585489 -0.3806095602 0.7303698795 1.9512948996 0.2891946666 1.9180508115 1.9513450970 2.4589287063 2.3586561652 2.2943459202 1.1819716409 2.2531410012 -2.2080185054 -1.6619630815 1.7693832686 2.0468355550  
2.5556955643 0.0001231926 2.6463287672 4.8703514701 -0.1787835286 3.3353903372 0.0241154011 1.9263235691 4.0666011794 2.7369584955 3.2828679869 3.2908938739 5.3941331925 4.8440802573 4.9516980651 2.4883549895 4.6673707003 -1.7487819827 -1.0617913326 3.3867843290 4.3319574147  
-12.2867558226 -0.0003280917 -17.9076966422 -3.8128415964 -11.0248698477 -16.7450254443 -16.7088170475 -17.5983343628 -5.3138745335 -5.0341190184 -5.3298893484 -2.8696197783 -11.8395414788 -13.2244353647 -18.2089142426 -11.8771630779 -3.9761785626 -1.5362670147 -2.9669457387 -13.3116151403 -13.8196974261  
0.5728471403 0.0000816188 -0.6902792393 0.1235471558 -0.2752437163 -0.0721220921 0.2717522298 0.2668713997 -0.2709119465 0.0867016334 1.2156352033 1.5044810704 -0.8431579100 -0.1954817815 0.7957844640 0.5570244287 -0.4021638208 0.3748899912 0.2014851138 1.1264037288 -0.0473700497  
0.9781260007 0.0001571374 0.6344269241 0.9996843180 0.8539531527 1.0556391888 0.8954234359 0.9418293466 0.8705619499 0.9347228370 1.4327789982 1.6837010323 0.6704469399 0.9336320471 1.5235674316 1.1100332148 0.7102198936 0.9116072720 0.7813611371 1.5261957465 0.9843088915  
0.0892472150 0.0000613128 0.3082900162 -0.9946294229 0.9984518742 0.0578838001 1.1693657230 0.0890256153 -0.2171061940 -1.2343730493 -0.1408451501 0.1383033664 -1.4899368586 -1.5561646724 -0.2690590354 0.1725234242 -1.6459093415 1.1825952188 0.7443738231 0.2962307359 -0.5058194571  
-0.4940856782 -0.0002278935 -1.2099636754 0.0491538709 0.0796087752 1.3744812363 0.3329126875 -1.4752338671 0.0038270710 0.1785971200 -1.0107944990 1.1080601068 0.5891294597 0.1123663277 2.4135157363 -0.4812282724 0.5788076220 0.5577277136 0.1679079250 1.6024659881 -0.0538109126  
4.8766653360 0.0001318693 5.4480578092 5.9496146877 5.0527074182 5.2294177225 6.1380377333 6.0293284249 5.7309343421 5.8616799832 5.2612391856 5.8996538996 5.5837552126 5.8290519979 5.5643687465 4.4703221566 5.8562117073 4.6290039516 5.1681083682 4.9626344456 5.6864187867  
