0.8893205482 1.0255672166 3.8344611604 0.0682607729 -3.1251787094 -9.4564101792 0.0106707534 3.5809197894 0.3734943800 -1.5041292079 3.9394598890 2.0257007051 -11.5355461824 1.3604549610 1.5643396022 3.6291732469 0.9241930344 2.3782402089 2.6587525504 -3.6921369964 3.9285381982  
0.0864266162 0.2666894146 0.5621171697 -0.0407066335 -0.3927029077 -1.6004607750 0.0244408760 0.4960705219 0.1205264294 -0.2348708082 0.5939307220 0.3096177247 -2.5031352966 -0.0488838319 0.3123401010 0.4974033664 0.0767630150 0.1399285487 0.4256902039 -0.6507487849 0.5006897924  
0.3216338675 0.2767974571 0.5878175832 0.3729976249 0.0316739812 -0.5080391046 0.0205049163 0.5350049677 0.4298723466 0.2640667248 0.5924437790 0.4080681106 -0.9311378560 0.3465562002 0.3439467522 0.5318480136 0.3719135443 0.3515298860 0.5671296464 -0.0559096513 0.5817113691  
0.7646830254 0.4852098217 1.6487051580 1.0110610165 0.0283124338 -1.0335355160 0.0248432718 1.5072634028 1.0384717126 0.7783093744 1.5808961845 1.0305385184 -1.7455693669 1.0961192100 0.7322555952 1.4943747499 1.0919900591 1.1401178803 1.4614959062 -0.0534445074 1.7371527489  
0.4784640346 0.3373440445 0.6887054853 0.6058314577 0.2546826249 -0.0583153618 0.0229408454 0.6397564416 0.6205384709 0.5293277768 0.6516503551 0.5450042717 -0.3092756395 0.5905260777 0.4297337848 0.6335023049 0.6014341825 0.4956010976 0.7175501816 0.2499766204 0.7277983845  
0.8099910072 0.5518462999 1.5893323131 1.1269381731 0.3282045702 -0.3295026403 0.0297871873 1.4462625254 1.1529609159 1.0188746034 1.4708472026 1.0467174641 -0.7941928963 1.1669024623 0.7747437591 1.4058703218 1.2291355147 1.0113242164 1.4818341000 0.3226537398 1.6856645450  
-1.2553648341 0.3408288203 -3.0463578032 -7.1968598157 -1.7031189736 -2.1719487413 0.0733777537 -2.0951571235 -4.5336452073 -8.8801693270 -1.9279923819 -1.6683152128 -3.5525846409 -3.4573060167 -0.4761650062 -2.4251511891 -6.0646164341 -2.6510143129 -5.4644755826 -2.6506323020 -5.1419634412  
-2.5037115142 0.2340581920 -0.7482223245 -9.1903081363 -3.5149401539 -5.7873307396 0.0553219366 -0.5472841781 -6.0307451257 -10.6960321667 -0.0606377997 -1.3548827935 -8.5447039723 -4.9662872311 -0.2512776143 -1.0072140844 -5.5195946926 -3.2579583209 -3.2353955430 -4.9182137436 -2.8877173565  
-0.7511555375 0.3795505550 -7.6976360011 -5.3571642074 -0.4855026178 -0.3402318325 0.0704454371 -5.2681713571 -3.0745088923 -7.3266087244 -6.2201440836 -1.6456669155 -1.4020551527 -4.0636787274 -0.4841717254 -4.9096458150 -6.5199509807 -3.9727483847 -8.1621059027 -1.2457517524 -9.8833683646  
-1.5497300409 0.2845671791 -2.7139800776 -7.2543912123 -1.5719373963 -2.0931900021 0.0559712677 -2.1321096686 -4.5769571464 -10.8446651107 -1.5576475885 -1.3855709291 -4.5347089039 -6.6379547304 -0.2738874361 -2.4404981608 -7.3239538916 -4.8541476872 -4.9433466727 -2.7333171613 -6.3426065204  
4.1882194912 2.3338394476 -9.8662855906 3.4350464230 4.8417264843 5.6805070747 0.1534377140 -7.6252562903 3.6140877395 3.4965582855 -11.9245691147 2.2940067560 5.9230271168 3.5537765909 1.6908536920 -4.8757979843 2.2966886838 2.6056739245 -0.7783197195 4.8982312828 -7.9656941289  
0.6163193269 0.4542216475 -1.9543159264 0.5081021519 0.7096900727 0.8475743320 0.0383658213 -1.5885003150 0.6029324021 0.4593468923 -2.2468554113 0.3113916290 0.8111977724 0.3224843342 0.2978057096 -1.2319252515 0.2054555719 -0.0137544450 -0.1740710967 0.6985160647 -2.1883539700  
0.6172557851 0.3872081718 -0.6833169701 0.6681596961 0.7109442895 0.8113119955 0.0275924302 -0.5252039035 0.7059288413 0.6887786380 -0.8743398132 0.4261442312 0.8164958634 0.5595192485 0.3486734232 -0.3837782040 0.5188425498 0.3113910615 0.2713470129 0.7137030775 -0.8004115042  
1.5052988467 0.7463422478 -1.3759037840 1.7685059499 1.9183655878 2.3093640391 0.0343736162 -0.9947402381 1.7546214488 2.0279193736 -1.7253898888 1.0259751537 2.5247352943 1.6520086625 0.7359467144 -0.6296153888 1.5271744860 1.1085958867 0.7162083370 1.9900246130 -1.3347092027  
0.6408910150 0.3740139368 -0.2143166269 0.7667281520 0.7648094027 0.8343969063 0.0237408034 -0.1073845924 0.7837987173 0.8395618980 -0.3059086629 0.4970732556 0.8727267210 0.6815417100 0.4086329970 0.0379568666 0.6830363523 0.4610298244 0.4601121588 0.7721061078 -0.1361144420  
1.1509717514 0.6000604180 -0.6096725893 1.5056105632 1.5704217752 1.8688699593 0.0279116454 -0.3710845198 1.5118401744 1.7987965020 -0.7628724776 0.8576144483 2.0680910046 1.3442003148 0.6718399838 -0.1125566883 1.3790043877 0.8512727456 0.7536114948 1.6329956570 -0.4576665070  
-0.0603276613 0.2986338045 -0.4710740126 -0.6621424092 -0.0749801010 -0.3042969847 0.0342329289 -0.4593669656 -0.3750190465 -1.2616305599 -0.3156129495 -0.0429423601 -0.9397899176 -1.3810684671 0.1784415290 -0.4780084237 -1.0224301974 -0.9579664667 -0.4437355258 -0.3218065690 -1.1962386170  
0.4699019617 0.3246562282 0.2845927659 0.5542470507 0.4447472751 0.3782925345 0.0247965559 0.2894422221 0.5727470797 0.5367042636 0.2527822969 0.4349984144 0.2957719345 0.4953700200 0.3793475184 0.3334462168 0.5044402019 0.3513683012 0.5004760353 0.4485067773 0.3355271525  
0.5687637352 0.4153712884 0.4293075719 0.6905856139 0.5617512034 0.5044280317 0.0381639451 0.4279098677 0.7049531686 0.7073076960 0.3920115974 0.5513332753 0.4460683661 0.6384115251 0.4759057710 0.4579339313 0.6636992632 0.4653936236 0.6330013019 0.5675029299 0.4833434474  
0.1768070577 0.0180571831 1.0779697132 -0.2402396661 -0.3757941229 -1.0951979282 -0.0000864243 0.6524367267 -0.1575433648 -0.4874643326 1.1274580481 0.0957876152 -1.5766426747 0.0920276016 0.0610870358 0.8413884809 -0.1839044591 0.1653679557 0.1208496182 -0.5434975590 1.3400081998  
-0.9028505480 -0.2557781290 -0.2559893560 0.0463167184 -0.2745895542 -0.3636370087 0.0025284761 -0.2558432892 0.3189217257 1.0028605981 -0.2653157218 -0.3091921116 -0.5536152035 -0.4445434918 -0.0503744639 -0.5266859872 0.6195129785 -1.3213577736 0.2421331654 -0.2040983455 -0.5627164082  
2.9655517357 1.2770823601 3.9469227899 4.4132855659 2.7840434908 3.0908346657 0.0011088903 3.2009708315 3.7128812231 4.8460868568 3.8303213542 2.9185885266 3.6049442692 4.0985596904 1.8931982573 3.1520775514 4.0611773233 3.6447911331 4.1812116191 3.1829721395 4.2459928732  
