5.0695959738 5.6551057349 1.9365012902 1.7358876425 0.4373124650 -7.3416332524 1.0609323718 3.3218517151 -4.7321516925 -3.6720835496 6.9106793375 -1.1010573955 -6.4215343563 4.0056455924 2.6235814629 1.1622549490 6.5606497189 3.7190246278 -7.1024757628 7.2840150227 6.1469850371  
0.1222901076 0.4615820810 0.0792853265 -1.5988880063 0.1465312380 -10.8939912030 0.1040870388 0.1866828108 -3.8446030660 -4.1402578345 0.9246329020 -3.3464814562 -7.0913915962 -0.1853135751 -1.0107673051 0.0303852363 1.1504377334 0.4386079340 -6.3794242882 1.5236966001 1.5141457672  
0.6597022804 0.8652062057 0.9164020703 -0.4100826339 0.1369440248 -5.8720226294 0.8139692882 0.9335122281 -1.6145441904 -2.4405646801 1.3104538918 -1.2101712662 -4.2952529278 0.7169703360 -0.2083364083 0.6997314130 1.3022271427 0.7693906723 -2.6677227286 1.7345660880 1.5718916054  
3.0441847110 3.3028550355 2.7908584048 1.5275216602 0.2520856345 -3.3657415211 1.9617781292 2.6193473312 -0.6447289644 -1.2728780937 3.9467030769 0.4715139684 -2.9084622661 2.7317014099 1.8156398279 1.6577684484 3.8119157329 2.2151594828 -1.5521416090 4.3786788659 3.5667307609  
1.1587530453 1.2828558851 1.5362341236 0.4997586786 0.1341381635 -2.3998764738 1.0490602074 1.3568724758 -0.3129226068 -0.9717938699 1.7559965227 0.1414115594 -1.8073387288 1.2799329326 0.4292800742 0.9066891482 1.6158223204 1.0928493560 -0.5130598119 2.0628983609 1.7354539943  
2.7159369394 2.9135404176 2.8333065544 1.6323814131 0.2247405906 -1.4502714864 1.6661085913 2.3370883788 0.0221954956 -0.3879694198 3.5176909214 0.9905948343 -1.1009561451 2.4648687688 1.5830942295 1.3744375317 3.4013367279 1.9788587134 -0.1625657554 4.0103898716 3.2030587601  
-0.2851740821 0.3962162514 -2.2874174204 -0.7024472825 0.0637085779 -0.9096882380 -6.0061570204 -2.0009289852 -3.2446856345 -1.4566509539 -0.1366838144 -0.1365810718 -0.4134207688 -0.5612233035 -0.9045435770 -4.7364803338 -0.8411417680 0.7081405391 -1.7361238407 -1.0729056234 -0.2016654072  
-1.1839718584 -0.3950847672 -3.0037931466 -2.1992497502 0.1050261802 -3.4066340860 -7.3010359499 -2.9048259247 -5.9025210150 -3.7833505869 -0.7037760577 -1.9186022378 -2.9689257494 -1.8758009877 -2.3968325053 -6.0413231969 -0.5900767008 -0.0996909406 -4.9000138327 -0.4458538691 0.4216863332  
-1.1530158359 -0.4409817438 -2.6131704146 -0.8697738765 -0.0264854144 -0.3182990638 -6.5464674706 -2.7631027705 -2.8643580158 -1.3233770610 -1.6261491837 0.1602681330 0.1223635577 -1.1240552597 -1.6675682304 -4.8160826888 -2.6986880458 0.3593039994 -0.8515516775 -3.5988695275 -2.5652758607  
-3.5644597620 -2.3970461682 -5.2210338623 -3.3658401923 0.0262863776 -2.0945334461 -9.3919649991 -5.2968488230 -7.0419409904 -4.7123293575 -3.8623431698 -1.4700647516 -2.5855476517 -3.8780979424 -4.7721012440 -7.0180103596 -3.4612320555 -0.8578231316 -4.5385644353 -3.6646781206 -1.3028772373  
3.5601851326 3.6718821598 3.7749310332 4.0690735825 -0.0878507911 4.0856835576 2.4985625640 3.0537518507 4.5106472176 5.1735720974 2.1249186928 4.0685975508 5.6823920883 3.9241618254 4.3066516250 2.8442994664 -0.4016828474 4.1540412159 5.4723197371 -3.8521370601 -4.4157434586  
0.0843854624 0.2008495845 0.2211835235 0.5707543507 -0.1262890040 0.8284534052 0.2880336613 0.0724141903 0.4519386253 0.6510669552 -0.7546909179 1.1445734817 1.3939093509 0.5891622874 -0.0593853446 0.3820141160 -2.9394727218 0.9339936162 1.4048572925 -4.3484621985 -8.5077270815  
0.6027823938 0.5745497746 1.1717514352 0.9266917530 -0.0703722085 1.0820208472 0.9878886753 0.9143750186 1.0791633490 1.0335334564 0.0474155286 1.2956597134 1.7125900502 1.1200520847 0.5728308202 0.9420964039 -1.4880505431 1.1538212762 1.7893273351 -2.0880856046 -3.8209175588  
2.9338913954 2.7484982248 3.7444715265 3.2526793418 -0.0133929160 3.2324884726 2.7874325441 2.8862568590 3.7776024901 3.9801261558 1.9254148249 3.1849113586 4.4212566081 3.3388588876 3.2218693918 2.7141935196 0.3058367252 3.0521839789 4.3975520564 -1.2074797626 -1.8402319251  
1.1684972602 1.0615556693 1.9045342752 1.4046502719 0.0177206807 1.3525990860 1.3798788570 1.4464822822 1.5676451788 1.5733149551 0.9128957292 1.5569238630 2.1267160711 1.6307826909 1.1301217373 1.3463106960 -0.1342901536 1.4708343134 2.2534380604 -0.3210601349 -0.7595585667  
2.8864477194 2.6277181837 4.0212806225 3.1722293271 0.0514825521 3.0827485986 2.6480440841 2.8024332690 3.6352073162 3.8907089533 2.1034948357 3.0588514857 4.5022207976 3.3099732679 3.0159147297 2.5981226854 0.8557858575 2.9061919273 4.4973765419 0.0582970139 0.0414098824  
-9.7533325280 -7.6732557840 -9.7494392403 -7.6198334534 0.0091564989 -2.8874994145 -3.1196290329 -6.0000829556 -11.5353644260 -11.5856858723 -10.9548842667 -2.5684228756 -5.8537587144 -7.7032762961 -12.3348186083 -2.3399185533 -8.5408631312 -2.5679257895 -7.5134463748 -7.1338312636 -2.1622813884  
0.1016057138 0.0892217498 0.9597174464 0.1816049684 0.0700477396 -0.3574361510 0.8721101693 0.9241585430 0.1356082730 -0.6271322653 0.4788892780 0.5005811155 -0.2077741976 0.7445342700 -0.3403856175 0.8294826703 0.0523894400 0.6458047951 0.5732933148 0.5250397405 0.5083775387  
0.9026196502 0.8498992801 1.5600953944 0.9298795351 0.0885552900 0.3609959210 1.0075056092 1.2029757569 0.7777799134 0.5820599777 1.2062042403 0.9975353566 0.8619414769 1.2584171436 0.5665023688 0.9808481551 0.8322423995 1.0701054005 1.2712030921 1.1283761743 0.9953233023  
0.2474318276 0.3588173901 -0.0515918261 -0.0303768953 0.0005487796 -0.2612834273 -0.0294230595 0.1088616541 -0.8460561515 -1.0641942208 0.7652941857 0.1141026964 -1.0771039727 0.2201123620 -0.0560147469 -0.0379472484 0.7269108306 0.0679429152 -0.7686323452 1.1059524198 0.2653948975  
-0.2798012649 -0.6266561418 1.7297114609 0.0960661066 0.0266073580 0.3494812969 1.1362478690 0.4757235417 0.8474828979 0.0342093304 -0.7946706723 0.1099133816 0.1737216581 -0.2047898377 -0.7129619065 0.6119732524 0.3844834019 -0.6048517152 0.8199300635 0.3624285475 0.0004086407  
4.5310091403 4.0497731186 4.3531775920 4.1961260421 0.1470045761 4.8659817443 4.4445405920 4.0919146015 4.5983515622 4.5528844062 4.6283149012 3.3365725239 3.6607885571 4.1640626538 5.1165331646 4.0899854136 4.4903707375 2.9045075919 4.3500180099 3.9922689627 4.2198161108  
