0.0044272709 4.2233525283 -8.1956243440 4.6207175288 2.9310393228 -2.6705433177 0.9778472109 2.7965390257 3.5925473853 -7.3645880364 4.6547007986 2.6511206770 5.1214179155 -0.3825977948 4.2564053534 -1.5837996908 4.2348194019 4.4684200868 -9.4246150875 2.7525395757 2.4863500951  
-0.0009910248 0.4631805660 -10.0502673421 0.4547160672 -0.5298101744 -2.7615618881 0.3076640455 0.3085493183 -0.5417804779 -13.4141721805 1.3444302921 -0.3028827518 1.2506426979 -1.0393673498 -0.3331755930 -7.3783490963 0.7724800350 0.2736003101 -14.3713360674 -0.4837425568 -0.9630685361  
-0.0019195333 0.9923026768 -6.3032982900 1.1186148806 0.3377215969 -0.9086607807 1.1553651940 1.2485886252 0.1669883935 -8.2518625426 1.4881193540 0.6877766094 1.3379118796 0.2671722438 0.2657061702 -3.6739051163 1.0246115486 0.8585903876 -7.3667553443 0.4032908531 0.3959487415  
-0.0002760223 2.8620109277 -4.3413492788 3.4809885631 2.6667249799 0.4736082545 2.4101278869 3.1140415938 2.5751036504 -4.9302834761 3.1323660411 2.4287385796 3.0800791289 1.1370822412 2.6572424389 -0.3394414389 2.8503695111 2.9618638011 -4.8241668127 2.5133200892 2.2241898156  
0.0007506141 1.5330542731 -2.7427309825 1.7832175950 1.3061931409 0.3714800844 1.7520597170 1.8477459140 1.0834568645 -3.3415620356 1.8669758745 1.3894406957 1.6526171361 1.0544813612 1.0388699839 -0.9830767219 1.5208062241 1.4774281316 -2.2878496837 1.3031912834 1.1523484148  
0.0002057233 2.8729951940 -2.0073519181 3.6632459404 3.2350365195 1.2909557057 2.8063142571 3.2608264793 2.9260194690 -2.2824781170 3.3632266401 2.5950620188 3.1317298502 1.6268438941 2.8304917726 0.9475108181 3.0790627207 2.9831670573 -1.7319545341 3.0121566600 2.2851122962  
-0.0006227846 -0.6742618364 -1.9039938263 -4.6562606018 -2.4504410108 -4.7656604039 -10.7882759229 -5.2962815223 -0.3069133678 -0.6072847303 -0.3582229058 -3.6332919349 -0.8065767093 -5.6044051335 -0.8249254647 -0.7395915606 -1.2599361115 -1.8275792970 -0.7146344730 -3.1140021515 -2.6193719370  
-0.0000540454 -1.3357860771 -5.2092005808 -4.6252591264 -2.9674564604 -6.7306755209 -12.8230613362 -5.6635402565 -1.5803858815 -3.5729297332 0.3909205615 -4.6925364372 -0.0095716881 -8.8735370792 -1.8191613988 -2.9580561422 -1.0635604965 -2.6230078029 -3.7232276219 -3.7305418389 -4.3628875499  
0.0009652488 -2.2603096260 -1.2668588311 -8.0551351696 -3.3728424456 -4.8406256898 -11.6052170744 -6.5913292536 -1.2056191874 -0.0437233708 -2.6251853830 -5.3471582551 -3.6326132821 -6.0041548383 -2.4352740978 -0.5842045947 -3.6895248181 -4.5926574246 0.1476504465 -4.4184403241 -3.6843108999  
-0.0002380367 -4.4416120565 -5.4868191385 -10.4227023629 -6.1046219851 -9.2550246969 -14.6635425460 -10.0870745175 -4.4087362656 -2.6470350917 -1.1336239980 -9.1611084644 -2.3531777303 -9.9228413026 -5.6380538044 -2.8996254763 -4.0262720895 -7.7845445328 -2.2144805236 -7.6142786773 -7.8046911163  
-0.0008525450 2.3444155091 7.4042146002 -5.1871776039 2.6645304120 5.2844123524 1.5670325798 1.4072917917 5.2349915774 6.9934999578 -10.1574920697 2.8023414289 -8.3637609818 4.5764740047 3.6263793174 5.5297536923 -1.7047074290 1.8592441854 7.0363843263 2.5370638434 3.5937770669  
-0.0019104915 -0.8456506707 1.8416401880 -5.5458437072 -0.4613988664 0.6908269891 0.4289137142 -0.1229896175 0.6431310595 1.8105256461 -16.7905291365 -0.4244053605 -13.3518240645 0.9345150230 -0.9841659599 1.4517274091 -6.5644239990 -2.0825247869 2.1409855572 -0.6738571979 0.1968263767  
0.0016266770 0.1586042565 2.0232300068 -2.5684441613 0.4296469046 1.4514814918 1.3248355688 1.0593925003 1.0213817500 1.8518663959 -7.9993072407 0.7440533484 -6.5549965291 1.4573787177 -0.2327497323 1.5388496193 -2.6405608304 -0.3218340201 2.2929789633 0.4305065158 0.8607740650  
0.0012365468 1.8175588333 5.2336519942 -1.2919277427 3.0540350050 4.5095073032 2.9323705017 3.0804438801 3.7794341148 4.5870418048 -5.7550472628 2.8065947784 -4.2398146913 3.3479782908 2.2870895664 3.9261469131 0.4160149997 1.8259941030 5.0012730099 2.9192670847 2.8281424288  
0.0009415141 0.9621116743 2.4357653578 -0.4860837898 1.2798811589 2.2273528686 1.9538192112 1.7987443897 1.7078127493 2.1091038921 -2.2036012568 1.4479863676 -1.8558704504 1.8968134870 0.6116626013 1.8481740820 -0.0859716966 0.7130625137 2.5998260635 1.2817128201 1.3813873116  
-0.0018178091 1.9780187567 5.2684443426 0.0364065593 3.3986917711 4.7821432729 3.2936981293 3.4262269026 4.0254607845 4.4680209365 -1.7331916895 2.8231171188 -1.2434619524 3.2737827459 2.3056113615 3.9071559865 1.6121727483 1.9023390116 5.0561946284 3.1611522437 2.6451470340  
0.0004620199 -9.6514064083 -12.2065359303 -16.6174563747 -15.9677108472 -17.0870588028 -2.8906072570 -13.3131315578 -15.1278769423 -4.8898106923 -1.5683238252 -12.5796806371 -3.7992620555 -4.1054425151 -18.5207058395 -5.7495726860 -8.3885947280 -17.4481619223 -3.4215934697 -17.0453562316 -12.4227506158  
0.0002024000 0.5753734000 -0.6978078165 0.1657496951 -0.1276797574 0.5076028711 1.5034805974 1.1599091197 -0.3300340351 -0.4971305723 0.3648883998 0.7777981517 0.0980198563 1.1536094367 -0.7014008144 -0.3120376595 0.0261606593 0.2624783144 0.3769426046 0.1973562260 0.5731578784  
0.0005408879 1.0854892383 0.7313441946 0.8940908512 1.0510111855 1.3257893989 1.6828363857 1.5605684867 1.0590036299 0.6321684811 0.9095386442 1.1797439730 0.7517988171 1.3503347727 0.5597668162 0.8442566885 0.9615045769 0.9438254121 1.1667266465 1.0999474859 0.9897566658  
-0.0000652475 0.2862870848 -1.5088610799 1.1161575051 0.0819008513 -0.4394554275 0.1333804437 0.3540952708 0.1637697883 -0.9217850935 1.1531676813 0.0789361083 0.8820513148 -0.2697897203 0.2560677456 0.0101850691 -0.0666778599 0.0861478592 -1.0852580787 0.0369457086 0.0914064710  
0.0005901568 -0.9864681732 0.4755200026 0.3157070972 1.2809983777 1.7048709635 1.0936881955 1.5419133019 -0.5490084654 -0.5932639504 0.5952608966 0.0649591049 0.0711510240 -0.9669264979 -1.2071545594 -0.0041061071 0.0793044568 -1.5222002182 0.4114229574 1.1095521560 -0.5704474779  
0.0010801385 3.6904574686 5.6401159162 6.0009239665 5.0842851088 5.7037400252 5.9055505121 4.8228111688 5.2668462126 6.4343828360 4.6757332618 5.2306623211 5.1525691339 5.1548234027 5.4738262831 5.6416074644 5.2803399494 5.9253183880 5.6693686104 5.5134460592 4.9448208364  
