6.1477756758 7.8112915748 -6.2140796365 -5.5859141430 -3.8341600964 -6.3564658307 7.3693034326 5.7116215104 2.1618493812 7.8073264995 5.0651065379 6.0842622311 8.1298711307 3.9642258313 0.7762274809 3.3529500260 4.4756234210 3.4845922071 0.0001942995 1.3457128614 5.5925107691  
2.6709512346 3.0621282288 -9.5874104870 -4.5327822880 -1.9628525727 -5.3684707230 3.3179983338 3.0423641401 0.6731415186 3.2038119369 2.7268537044 1.9693840359 3.7445625415 1.5702552668 -0.1374430692 3.0999270591 0.8143860093 2.4065099182 -0.0011393250 0.9054068827 2.6378018664  
3.4207242328 3.3884223450 -3.0392309411 -1.2206066856 0.9040249528 -1.2313832189 3.4904237539 3.1710650884 1.6549724301 3.3493936491 3.5605663484 2.5587579539 3.8083311659 2.2081541403 1.0517413822 3.1955726353 0.7378012224 2.3930912536 0.0004669831 2.0322495848 3.2053718335  
5.1374332795 5.5498592988 -1.8714835973 -0.6831429257 1.3288390936 -0.8608450740 5.2956989851 4.1389106241 2.9604545821 5.4864745750 5.2757898755 4.3908454522 5.5978322543 3.3843152359 1.9961188871 3.6051979015 2.9330683716 2.6493448794 0.0027871716 3.2829565729 4.7570058085  
3.9415887124 3.7826846615 0.5184780231 0.9935876627 2.3852266085 1.1314497160 3.7756252112 3.3138423427 2.4111828539 3.5597072032 4.0862535287 2.9827921608 3.9791291786 2.4994215249 1.9758632832 3.2341632259 0.9739638207 2.2631865140 0.0007550135 2.6135242831 3.7297851460  
5.0870445092 5.3535334605 0.7502626466 0.9062013912 2.4573251235 0.9619144011 5.1232324439 3.8666275286 3.1747471466 5.1827316475 5.3451994606 4.0411880230 5.3469574920 2.9978218006 2.4970176731 3.3913185775 2.7570653296 2.1364839570 0.0008643208 3.3188463264 4.8223939776  
0.3593307733 -0.0757152322 2.0370033900 0.0611197552 0.7827385983 1.2696420039 0.9769015496 3.3167441896 0.9145193443 -0.1166082736 -3.5042884436 1.9306783523 1.3255139657 0.8152291937 2.0243539328 -6.7584949273 3.6178662320 2.1840318221 -0.0009690029 -1.9462547734 1.6832814490  
-0.8619990595 -0.0094947742 -0.7317529986 -3.4581103127 -2.4914557972 -1.9383438617 1.4462274568 2.7168232498 -0.8560163931 0.7220274043 -3.7777424597 0.4997100105 2.3743134553 -0.5087074838 0.1497763962 -1.7403104651 1.7370585466 1.8681038460 -0.0014395009 -3.4211445703 0.8884122292  
-0.8353313963 -2.9451045117 2.8465723129 0.8775162980 1.7497704951 2.2735034506 -1.0823069748 2.9272824464 0.9165626780 -3.4922582930 -4.2942944966 0.9314828935 -1.8233608891 0.4127821083 2.2309095756 -2.7191854402 3.1565331243 2.1419040940 0.0000858401 -1.7642273834 1.2731235235  
-4.9548846779 -4.9405418744 1.0365091456 -3.7864921402 -2.1228731881 -0.6919330575 -1.2666986306 1.9622999412 -2.3746783482 -3.5460518439 -7.9737131526 -2.5943239166 -0.3220796563 -2.2289570184 -0.1198390799 0.3111305510 0.0785031489 1.6277444336 -0.0023737220 -5.6130518056 -1.0329257325  
6.2647679490 -1.5537426631 8.1960318861 8.9749319151 9.1902703555 8.9733637258 -1.2631592419 6.2453603762 7.6746769086 -6.2140486603 3.7836230508 6.8719851135 -8.0699031884 6.0231962957 8.3224805154 5.0512201671 9.4879591626 4.3835285279 0.0000633073 6.0913400298 6.5585353802  
2.8121201589 -1.5753486311 3.8875171103 3.6242815360 4.1524342190 3.9817891872 -0.9839532543 3.4073618142 3.0937039031 -5.7367045255 2.7775674716 2.5345048041 -7.1706025982 2.5326204055 3.5816976386 3.4218279476 3.3202531229 2.7253135797 -0.0011378838 2.4505981379 3.2844628134  
3.6507555511 0.6363989550 3.9702822650 3.8976228938 4.3567489974 4.1284628148 1.0489685338 3.5016259546 3.3776254517 -1.8382412710 3.7081925592 2.9631924841 -1.4961726962 2.8722990994 3.7834964644 3.5565374065 3.1840362265 2.6637470290 0.0014517334 3.0573589602 3.7183668574  
5.8125142699 1.5226992345 6.2259145505 6.8861180717 7.0681826677 6.7984601312 1.8605177249 4.8847490438 6.0130662701 -1.1480799864 5.5703233498 5.2543134588 -1.2638007797 4.7878087451 6.3895037050 4.6574536126 6.5494455931 3.3076663485 -0.0000145011 5.5186179504 5.7405005960  
4.2664952505 2.2095283923 4.1729610333 4.2805404173 4.6758557028 4.3733205032 2.4360508480 3.7321711166 3.7463155509 0.7509216854 4.2612050677 3.3827084074 1.4603520136 3.1152376097 4.0943281206 3.7041176588 3.3148080978 2.5755782540 0.0009372354 3.5679398999 4.2035481224  
5.5421042971 2.4257778616 5.7041506661 6.3024577273 6.5521871980 6.1841399096 2.7302078351 4.4932941377 5.4193162743 0.6222410084 5.4886492441 4.6041271239 1.1615768026 4.0132547253 5.8535636205 4.2469720666 5.8158930108 2.6136826751 -0.0013884018 5.0500416691 5.5138596687  
-7.1063515118 -8.7214130911 0.6590832730 -7.4805099145 -2.8089739080 -1.6942198153 -2.2588806707 1.3537892670 -5.7179555448 -6.0354176285 -5.5709429549 -8.5953652669 -0.8135908140 -3.1137025996 -1.9048748157 2.9597477113 -9.7265843362 1.6286005962 -0.0009869087 -6.5749703988 -2.4549911517  
3.6333223804 2.6171916180 2.6674810564 2.3517059361 3.3086168487 2.7343851763 2.8638750395 3.1978166450 2.2989528432 2.0379777328 3.7782002619 2.3400449155 2.9181112754 2.3606379211 2.4702006845 3.3790763955 -1.5945243647 2.3000262698 -0.0023717805 2.5614915240 3.4414713460  
3.8888950946 3.1701409562 3.1054527688 3.0545593098 3.6308899307 3.1267449360 3.2421322679 3.3036799621 2.8802149538 2.5877672627 3.9839666897 2.8721541117 3.2146445991 2.4998636244 3.0195190155 3.2572449354 0.8531471596 2.1565601130 0.0003974588 2.9056869144 3.7684714400  
0.0536078596 0.9801468451 -0.5833883964 -1.2867277627 -1.0060008646 -1.2296966876 0.6021736891 0.0442484801 -0.4008696573 1.2684840319 -0.0575562880 0.2001651576 1.1621887221 -0.0013847342 -0.5473229901 -0.1842569937 0.1126660970 -0.0375288079 0.0003733926 -0.3715533135 -0.0632797520  
-0.0334959007 -0.0242384441 0.0833120243 0.0904061549 0.1540702202 0.0934310773 0.4667312138 -0.5848786969 0.1721856772 0.4495060708 2.0376440409 -1.3368507437 0.4519973892 -0.1919481799 -0.1726169530 0.0076443063 -2.3429139615 -0.0335236155 0.0024676852 1.5573661136 0.4411119309  
5.2004138103 4.9357371375 5.0212554517 5.0564093338 4.2688381962 3.9871786716 3.5926669706 2.5877092077 4.4951069604 4.6781636032 5.0128604512 4.9089893824 3.9613722057 3.8329492089 4.0235476890 4.5829333007 5.7598936950 1.6532446429 -0.0004306552 4.7007817819 3.8660491343  
