-7.0738509962 6.9532115141 0.9743189951 2.8566250445 3.9938173445 2.4583423437 -4.1179022442 3.0648751400 5.0806871914 6.6132622188 1.9334218959 -1.2441053876 -7.0326659741 1.1539730423 6.3645544622 6.1758381832 5.5608953109 3.9873530329 7.2052198310 2.2338284094 5.8923496383  
-9.4649124895 1.7319984153 0.0795088807 -0.0584259055 -0.2082814369 -1.1525137761 -3.9610995287 0.1095247738 0.3140295137 1.1072491903 0.0794088159 -3.8866168399 -6.3304907699 0.1182385790 1.4241051952 0.5492621751 0.1735886190 0.0352535334 1.4343612510 0.4111445227 1.5419386586  
-5.4088272051 1.8351123708 0.8004453837 0.6016103163 0.7022544749 -0.2793781025 -2.0144780242 0.9161936068 0.6158611864 1.3340847690 0.9169664761 -1.5100841369 -2.6758452629 0.7784828351 1.4568024490 1.0656393568 0.8026106519 0.5551384343 1.6447120086 0.7436467287 1.6207825343  
-3.3655798433 4.1919124992 1.8673552859 2.1875986509 2.7275073041 1.6922340966 -0.9283531791 2.6108870642 3.0957007627 3.8460498007 2.7912393860 0.4107522043 -1.5722320285 1.9409876788 3.5134290677 3.4806667943 3.2461318881 2.4981908478 4.3099008225 1.5534850890 3.5231607245  
-2.2918343709 2.1033604641 1.0301641056 0.9250469326 1.2708816535 0.4101811531 -0.6325513521 1.3729990581 1.0221382062 1.6986987007 1.5368365347 -0.0157661955 -0.5257682617 1.0030545383 1.6024533874 1.5330730986 1.3282366494 1.0480695604 1.9655013249 1.0088419262 1.7871630976  
-1.4303550754 3.8799031685 1.5979180336 1.7765003958 2.4615428397 1.5147663891 -0.1595498255 2.3763375286 2.7910990825 3.4475190328 2.8337821001 0.9685950510 -0.1741390901 1.6246427058 3.0863441308 3.0542496967 2.8700516297 2.2717094727 3.9213189027 1.4386120402 3.1968906488  
-0.5536992392 0.1783958698 -5.5839530097 -2.3366114473 -0.5494259467 -0.8687991611 -2.3082727552 -2.2861108088 -0.1631978655 -0.7285989298 -2.2922116474 -0.4359672747 -1.7363048507 -6.3917152283 -0.4887212661 0.9334351628 -0.1234266164 0.0325817786 -1.0982593530 0.5828061314 -0.1280532558  
-3.0707677224 0.6053412001 -7.0806424632 -3.4439422393 -1.8743643322 -2.4132379736 -4.7864463410 -3.1907815173 -0.7060357893 -0.7328149493 -3.0081122130 -2.4443125230 -4.8682074628 -7.2490786092 0.3127995107 -0.1389892456 -1.1685280130 -0.8947399137 -0.5055709083 -0.1223875483 0.4343789005  
0.0047837882 -1.6577466729 -5.6452028973 -2.9052234385 -1.1084577739 -1.5607439980 -2.0538985334 -3.0018828565 -0.9234205751 -2.4219041032 -2.6173500493 -0.1333333812 -0.8653333059 -7.5286142255 -3.1452090690 0.0243253891 -1.1115324620 -0.5055478909 -3.5838448817 0.4823754567 -2.4250760156  
-2.1238653817 -1.4362594930 -8.4870377819 -5.5419083604 -3.8665418421 -4.6624292157 -5.8202710583 -5.6001797633 -2.6823117095 -3.7652732823 -5.2261192670 -2.0942667751 -4.5246388018 -9.8568133700 -1.5050696345 -2.2255676329 -3.8041700723 -2.4030073568 -3.7242591149 -0.2817775872 -1.1737299038  
4.8756863169 -1.7160082450 2.6603912895 3.3137653596 3.9413978837 4.3504944453 4.8504215842 2.9496725871 3.2203154745 0.6487242695 3.7739047267 4.2416817190 5.4375604076 2.3100118270 -7.8181437418 4.2440057112 3.6374385068 3.8863526533 -3.6968802984 3.5619881090 -3.0418371710  
1.1201050825 -3.0948204937 0.3863118327 0.0640384682 0.5935602237 0.0473763077 0.5564805372 0.0308308743 -0.2422769525 -1.9132946803 0.2213811514 1.0465805407 1.3813608236 0.1273488343 -12.0632339766 0.6729687525 0.2459364031 0.4766335675 -4.3950304691 1.1031688746 -7.3800665431  
1.4040213477 -1.5039837698 1.0091925336 0.6839584037 1.1187563396 0.6430936701 1.0548375439 0.9196099960 0.1648855748 -0.7058291181 1.1723124031 1.2520759489 1.7595075188 0.9048723017 -5.8779202913 1.0254140923 0.7804811268 0.8590098268 -2.2487794832 1.2481648595 -2.9366344488  
3.8236246971 -0.3315413981 2.8163603403 2.6641531445 3.3398691335 3.2714217598 3.8757684455 2.9236373743 2.5025662184 1.1166940274 3.7447700133 3.3474176807 4.3599002315 2.6764902520 -4.4082344180 3.1221750741 3.0247764654 3.0657187944 -1.2747698095 2.6149467831 -0.5718288753  
1.7323785517 0.0562082713 1.4395065167 1.0999591304 1.6270688394 1.1918437684 1.5671366751 1.4765351574 0.6942499364 0.4204015869 1.9049890828 1.5648731514 2.2249337894 1.2607879648 -1.6920828962 1.4846498251 1.3495171137 1.3428787507 -0.5055454985 1.4499910778 -0.2901412746  
3.7958990000 0.7500170492 2.7798491097 2.3672872017 3.3069267029 3.0766603187 3.7581816831 2.8768922404 2.4036701025 1.5067225962 4.0213566239 3.2279876164 4.4467370012 2.4035110096 -1.4416142355 3.0060167278 2.9817949542 3.0004369905 -0.0938282558 2.4449228296 0.8119293412  
-3.9991590118 -3.6938568122 -2.7385351769 -6.5724056980 -7.7228535319 -11.8784415183 -11.5615380473 -6.1663428353 -8.6902722403 -9.3781431278 -9.7501599913 -3.6954004273 -7.5094871467 -3.2100206680 -2.2002684923 -7.3077892632 -10.2478733961 -6.2506067698 -7.5840024944 -0.3021404994 -1.7932712856  
-0.3322851895 0.7125009744 0.9163947203 0.4827985609 0.7326510466 -0.2658786100 -0.2509292629 0.9451574564 -0.4158490318 0.3315256482 0.9608540121 0.3208109101 0.5517480663 0.7795125402 0.2850442375 0.5438276826 0.3612301476 0.3653351848 0.3246889181 0.9948748201 0.6639294551  
0.5625932300 1.3234441300 1.0854010993 0.7830688718 1.2518930099 0.6218992604 0.6797361758 1.2318864615 0.5209930837 1.0528050801 1.5605289390 0.9377145297 1.2573903529 0.8693098029 0.7734508630 1.2077974439 1.0853189395 1.0154442078 0.9841660179 1.1330503022 1.1150824383  
-0.6449224093 0.8004094696 -0.0193635959 0.0710872282 0.2221465433 -0.0739936161 -0.9439883500 0.1030147512 0.2864992539 0.7221923391 -0.0516262347 0.0774955093 -0.7940849830 -0.0575238169 0.7082451529 0.3971847510 0.3090597074 0.1124130246 1.1197533108 0.1185640789 -0.0716631197  
0.2452163396 0.0722362953 1.0144444061 0.2177783142 -0.2270755631 -0.6705863525 0.4228265055 0.7330064246 0.2922159658 0.1429145221 1.7314404900 0.1061168641 0.8084729390 1.1270439153 -0.0701548624 -1.5399764684 -0.7806275749 -0.2383512347 0.3569037608 -0.2725501112 0.0644490471  
4.2948370767 3.2933270937 4.2412739515 4.3056808951 4.1770318242 5.0244311035 4.5718091912 4.1602900332 4.3224609274 4.4856568627 4.3529670045 3.8573044719 4.3175783360 4.6200977853 4.5478359290 3.9440583980 4.5982423466 3.7838609453 4.1214765656 2.0112492045 4.1612378451  
