3.3948203371 4.6473949012 -1.0329715032 4.2123516136 0.3261613894 -8.8353936143 2.6150407962 2.7006940326 4.6356740291 5.4427184074 2.7965180072 -8.4284418351 -1.5947033824 4.4682558862 0.9812675832 4.7818529766 2.8891515060 -1.8649937091 2.5190655938 -7.0727974517 3.8356050759  
-0.6500625564 0.4734841628 -4.6343567473 -0.3475007408 -0.7943057417 -14.1962029985 -0.1608697034 -0.4781150991 1.3132291436 1.2855189139 0.3085467437 -10.2997716205 -1.2707078325 0.2737839652 0.3252228347 0.5859858397 -0.5639866317 -9.0416705848 -0.9183362726 -8.4512080149 0.9205223617  
0.4895196735 1.1223286627 -2.4892522441 0.2587497607 0.4587613601 -7.7133974257 0.6949920555 0.4274088473 1.4540541222 1.4186629144 1.2485870406 -6.3132527692 0.0063214617 0.8585943037 1.1644519675 1.0693984762 0.3056325882 -4.2266276156 0.4229440264 -5.4231300686 1.0390007427  
2.5765538436 3.4788998703 -0.2946543408 2.6462633597 1.4979954641 -4.9027327306 2.3406104314 2.5341022144 3.0939177649 3.3819281565 3.1140343212 -4.3297869272 1.4165465457 2.9616956307 2.4176467047 3.1301034954 2.6355249164 -0.2680680236 2.2567475417 -3.7469478445 2.3860853528  
1.3965429828 1.7806964904 -0.5217985094 1.0398674289 1.2286650936 -2.6424623151 1.3418088588 1.3195367075 1.8217619399 1.7883527248 1.8477435070 -2.6139898549 0.8893009396 1.4773108276 1.7539345806 1.6197105067 1.2829945383 -1.1023579357 1.1698542249 -2.5806747517 1.4087396029  
2.8067080382 3.6581720517 0.8132997447 2.8347227761 1.9264380249 -1.9320613819 2.5027715702 3.0119295259 3.3022836414 3.4394551880 3.2608205931 -1.9562123401 1.9509535622 2.9828811864 2.8094111110 3.1199167476 3.2115943838 1.0437385307 2.3157120141 -1.7184093075 2.6325154320  
-0.5188396499 -4.5741213336 -1.0109208444 -0.8747418588 -5.4955971963 -0.6790125757 -3.1456407132 -3.2150429551 -0.4040953941 -1.1583868474 -5.2962993516 -1.9056663106 -5.5820364816 -1.8274712940 -10.8392650744 -0.8767989709 -2.4367498546 -0.8491206301 -2.6262826090 -2.3301544529 -0.4161133242  
-2.3562583508 -4.5242718138 -3.2457818602 -1.8593936094 -8.6200045692 -3.6765957301 -3.9734137200 -3.8243460936 0.3418287783 -0.3766463938 -5.6635610157 -5.2562401566 -6.9176845750 -2.6225120813 -12.8565171523 -1.4413247943 -2.9674058333 -3.1489153194 -4.3275292811 -5.5837294427 -0.0885123996  
-1.5125917973 -7.9796046298 -1.1772418681 -2.4714684635 -6.1519996758 0.0923069829 -4.6541944669 -4.5384981970 -2.6986823390 -4.1801494065 -6.5913386970 -1.2434892726 -5.7963734100 -4.5923966023 -11.6754355206 -2.9079068450 -3.3578957789 -0.6245143262 -3.6934079783 -1.8305554574 -2.6721868311  
-5.5285403613 -10.2798159482 -4.5742321780 -5.6704116581 -10.3594384432 -2.3316830634 -7.8488603883 -7.7505251778 -1.2106269487 -3.3969103548 -10.0870814115 -5.4554360925 -9.8941154132 -7.7836195144 -14.6985461743 -5.1995475803 -6.0937692901 -2.5610047171 -7.7607925911 -6.3877404224 -1.7489696090  
5.6844487879 -5.2114238266 5.9761336246 3.6120986738 4.4283234937 7.0172079256 2.7734184514 2.4628775199 -9.9475777861 -7.6944228241 1.4072977132 7.4275527772 4.6633186922 1.8589291193 1.5247099927 1.5858159465 2.7481713338 5.0924473967 3.5316370516 7.1679999089 -3.3697240265  
0.8995310791 -5.5976951977 1.2950143390 -0.9737903970 0.8241412648 2.0344874043 -0.3012252009 -0.7085983837 -16.5221147074 -11.1377161655 -0.1229823890 1.8690492501 0.3752645200 -2.0827109215 0.4138500485 -1.6691938515 -0.4467540481 1.3648367788 0.1831224730 1.6582027392 -11.4376718756  
1.3421766298 -2.5947832022 1.4986771243 -0.2166317595 1.4329959252 2.1511813746 0.7653697088 0.4191714003 -7.8182020775 -5.8162028062 1.0593960168 2.0618360320 1.3537697286 -0.3219533196 1.3154333474 -0.3374251485 0.4332173953 1.4438956147 0.8530744744 1.8507028880 -4.5753590213  
3.7943872521 -1.3174650810 4.1738961761 2.3094818696 3.3205357017 4.8632857509 2.7645608956 2.8836594425 -5.4660808265 -3.9179171561 3.0804458541 5.2618261920 4.4664991077 1.8255152943 2.9185479413 1.3818763647 3.0726965636 3.5985846842 2.8093561325 5.0416314754 -0.8357504833  
1.9235297296 -0.4979865321 1.9411167965 0.6285092067 1.9080066777 2.4401137787 1.4335762681 1.2728928970 -2.1329317020 -1.7330134195 1.7987464955 2.4646268486 2.2827369587 0.7128179051 1.9516098279 0.6847911472 1.2793809306 1.6928087191 1.3755560070 2.3012092995 -0.5687933720  
3.8240171914 0.0242919518 4.1561880940 2.3345628310 3.2721388001 4.8611825270 2.8062503471 3.1108561960 -1.6111989328 -1.1421197972 3.4262296369 5.2863947802 4.9492442424 1.9016470234 3.2910114761 1.6522211476 3.4049305368 3.5347902391 2.6341666287 5.0474068351 1.1463659549  
-13.2058883111 -16.4099886193 -10.2675224087 -18.5062404943 -5.0003026010 -3.8235344702 -11.1340377463 -16.9941451695 -1.6771169988 -6.3247732824 -13.3130455660 -11.8635513687 -18.2571977008 -17.4442590361 -2.8681153186 -11.7634451753 -15.9267286292 -3.9370494384 -12.3117158570 -13.9094679591 -2.6829570206  
0.5490368164 0.1604716136 -0.2190098099 -0.6882922461 1.2056011269 0.1031417643 0.7582602016 0.2277206000 0.3322882980 0.0351803821 1.1599114607 -0.5426432244 0.7421279795 0.2625720894 1.5050714307 0.4082042746 -0.1464972117 -0.2238545366 0.5773898444 -0.9050258709 0.2367396029  
1.3464112876 0.8907063081 0.9520220165 0.5712394177 1.4189399375 0.9927548473 1.1561930765 1.0965451450 0.8748227309 0.8220025875 1.5605692322 0.7835482547 1.5044707116 0.9436635603 1.6841892745 1.0319636896 1.0396541962 0.7687559064 0.9922435177 0.6579221222 0.9551503651  
0.2275368219 1.1149691339 -0.3956192997 0.2429560538 -0.1709357960 -1.0368393414 0.0623624590 0.0364357357 1.0516655177 1.2006256135 0.3540901427 -1.4996555945 -0.2643294382 0.0862708457 0.1387404752 0.3425380834 0.0537579228 0.3404153803 0.0896385700 -1.3894031030 -0.5138658199  
-1.1153258395 0.2944588045 -0.2953254948 -1.1427788167 -0.9514732874 0.0794795383 0.1784459654 1.1162937091 0.5502828480 0.0844978929 1.5419241561 0.5222918041 2.3927880380 -1.5225136322 1.1096066872 -1.2060089381 1.2600803995 0.0334287486 -0.5306038063 0.3620063034 0.0835362563  
5.0455913080 5.9714721383 5.3857511588 5.4748111390 5.3019671036 5.9325846229 4.7313638599 5.5155660530 4.7320323183 5.0412339344 4.8228032838 5.5618699382 5.5888784693 5.9245703148 5.9000183148 4.1509014011 5.1058433383 5.9279619384 4.8927322996 5.9429350698 5.5458633902  
