3.3533819471 7.7264179872 1.1811593302 -5.4522644832 -5.8555373298 5.3547459906 7.7802542571 5.7634121579 4.2945973413 5.6907831367 -3.8523091026 1.8557829392 3.1694799525 7.4566875077 8.1802974411 4.4772534847 7.1984666390 5.1134970286 -7.1135314574 4.3087827891 1.3789911668  
3.1005861158 3.2041818616 0.7740516499 -4.2313552867 -5.3345939983 2.5618267328 3.1926195436 2.8310575227 1.8477803614 2.9907414070 -1.9983458963 0.9226007861 2.5204969771 3.2070506286 3.7607320977 0.8151444508 2.7471450015 2.7563890150 -10.3289645218 1.0706487420 0.1780691352  
3.1957032693 3.5272042656 1.9385264302 -0.9627561075 -1.2585081303 3.4335077751 3.3473731220 3.3051387656 2.2704692683 3.1438890872 0.8917076619 2.0260312141 2.3980096158 3.3467307744 3.8240283437 0.7370307396 3.3307428088 3.5686399327 -3.2744563115 1.7307733340 1.2108870455  
3.6049284258 5.5860470494 3.1801295198 -0.4462943284 -0.7475968052 5.1599765949 5.4749481565 4.8455801421 3.4048072696 4.1141434535 1.3298238506 2.9939847551 2.4153539596 5.2500840916 5.6303572882 2.9336815452 5.1681812530 5.2724530620 -2.2520126903 3.5015823299 2.3241841019  
3.2340975857 3.9153666705 2.5248369944 1.1641143106 1.1003366552 4.0159231635 3.5575068483 3.7781698970 2.4407243743 3.3033940888 2.3939904113 2.7502616530 2.1891131207 3.6357258945 4.0056456867 0.9723303413 3.7467812113 4.0758874935 0.4863586714 2.3174696869 2.1006583471  
3.3909999059 5.4305367149 3.2023916541 1.0847989684 1.0096843724 5.2582216784 5.1584999465 4.8982156616 2.9114021332 3.8394473736 2.4814375943 3.2321153171 1.9188587813 5.0960855280 5.3962855099 2.7579671481 4.8923418182 5.3130769990 0.6284249058 3.3464961130 2.8180925876  
-6.7594051935 -0.1843504928 -2.0087449177 0.1036817271 1.3344650431 -1.1199746237 -0.2136931372 1.6651426022 1.1588471920 3.3547379025 0.8553752518 0.5371562845 2.3843407582 1.5752139548 1.3586130288 3.6199633078 1.9517879942 -3.6122083816 2.0413121644 1.9312456642 2.4048971427  
-1.7346261200 0.1276294379 -3.5414721893 -3.4007866725 -1.8114094418 -2.0631460861 0.6300077855 1.0747442376 0.2273507147 2.6902777680 -2.4245148320 -1.2796238643 2.2404071020 1.7803827888 2.3910119137 1.7395460560 0.6454044360 -3.8629279405 -0.7614492425 0.2577977075 0.6112768823  
-2.7120101840 -2.8217029006 -1.8221029523 0.9434049143 2.2885693850 -1.9864907139 -3.6305082682 1.1935591726 0.7655916019 2.9627103783 1.8219045156 0.6146638834 2.4317972189 -0.5054782459 -1.7896517350 3.1587588089 0.5220944945 -4.4777092191 2.9098272691 1.4576128569 2.5591663217  
0.3224730518 -4.3526444867 -5.6723269153 -3.6869031288 -0.5907720337 -6.1186109536 -3.7461857630 -0.8639562022 -1.1626460713 1.9239917202 -2.0342996846 -2.7752141681 2.2063793863 -0.8584475450 -0.3508779422 0.0828031381 -3.2309690311 -8.1380613652 1.1367418504 -1.7721414811 0.2167984336  
5.0507168175 -1.7538550416 6.0180916088 8.9964370231 8.8728548104 5.7312642694 -6.1560185879 6.1908386586 5.5142046757 6.3812273878 9.2455770700 7.5392736002 3.9182649871 -0.7121991353 -7.8970041531 9.4887240713 6.5071015397 3.5840285917 8.2555328355 7.6671453189 8.5530189555  
3.4223992292 -0.8332419523 2.3978200428 3.6919759295 3.9490135242 2.8284643320 -5.7027342595 3.1679675384 2.4579749975 3.4359159623 4.1813039153 3.2338429474 2.7397790740 -1.7395862427 -7.0808102527 3.3205993108 2.6274515580 2.7680309609 3.9339895011 2.7979805875 3.7062495246  
3.5566309698 1.2197628970 3.0010032654 3.9663294189 4.0915380727 3.7562252695 -1.7439081411 3.6455499201 2.6891341122 3.5240465733 4.3809951574 3.5930345285 2.6112564305 0.3120978988 -1.5005987954 3.1834835430 3.3020098505 3.6861164691 4.0136753678 3.0315882817 3.8830821504  
4.6568337031 1.9076614908 5.4489017335 6.9355383724 6.7303757032 6.0230588617 -1.0318439784 5.6109828633 4.2974752666 4.9321312128 7.0991449803 6.0482977054 2.9675111015 1.5124241044 -1.2212462508 6.5495052364 5.3240831320 5.4709114468 6.2548909977 5.6505860890 6.5696480978  
3.7040300895 2.5815352560 3.4982583063 4.3442402949 4.3328303839 4.4093532088 0.8493697515 4.1610448697 2.8337573150 3.7500319359 4.7017723607 3.9838259823 2.4687965439 1.9259467279 1.4679068746 3.3137506079 3.8488297436 4.2118980246 4.2161493488 3.3791224823 4.2030160103  
4.2464863268 2.7678358277 4.9441954911 6.3703023578 6.1174258088 5.8736077123 0.7149510988 5.4392776968 3.4850648138 4.5192039524 6.5906142638 5.4924904354 2.3379541014 2.4571073555 1.2093459488 5.8159715712 4.8905810415 5.3722101967 5.7451703062 4.9526007573 6.0916909006  
2.9622866626 -6.4304065912 -6.5122770322 -7.0083504327 -1.5968875563 -7.7479353467 -6.3593693907 -2.0935064427 -2.0294191216 1.2604804365 -2.8103703339 -4.2710063691 2.2508782718 -3.6164809897 -0.9834283427 -9.7243637617 -7.5460586736 -5.0605382534 0.8900512013 -7.4872437120 -2.1801287325  
3.3791103028 2.9570049047 2.4916952630 2.4747027576 2.6953265898 3.7271102010 2.1079684124 3.4523464699 2.2153443739 3.2036322555 3.3246142481 2.9138020292 2.2834935598 2.3516147649 2.9188037990 -1.6017712394 3.2247029422 3.7661525179 2.7392340193 1.7733124455 2.4649538772  
3.2571766213 3.3620308116 2.8219884267 3.1319439116 3.1032294412 4.0048846325 2.6251212094 3.7681747121 2.2905500877 3.3088585970 3.6556416660 3.2434510088 2.0974527994 3.0031986890 3.2436593565 0.8494547282 3.5531530550 3.9532815295 3.1523804005 2.5215054204 3.1137040855  
-0.1841350938 0.8954639535 -0.3627732457 -1.2459254087 -1.1360086578 -0.1144503649 1.2503394232 -0.0644944116 0.0325085748 0.0504306165 -1.0090818948 -0.4731866926 -0.0659971303 0.6232948238 1.1632571591 0.1131217134 0.2802349987 -0.0314039641 -0.6565004606 0.0355091682 -0.4686216517  
0.0074582857 0.3899041668 1.5388714980 0.1312114390 0.0582729911 1.1569290310 0.4574988209 0.6131457631 -0.1041634957 -0.6693797380 0.1465872392 0.2806595242 0.0530496026 0.0962960901 0.4423392041 -2.3439944388 -1.3762522421 1.9743214373 0.1534254653 -0.8807263052 -0.1476173898  
4.5828305532 4.3450619764 4.6959510411 4.9713095661 4.0949021465 5.4487279420 4.7721468582 3.7551254027 3.4304704090 2.6098955762 4.2771626216 4.1727966910 1.1431631558 4.0559178129 3.9827652753 5.7609333040 4.8595029498 4.9358138336 4.9885121000 4.8580603728 4.1062221418  
