-6.3047694028 3.4102359691 3.1573138492 2.4460375421 2.1436260700 2.3781545588 4.2220494705 -0.0124942450 3.2425569352 4.1089671603 2.4509071969 1.4171981622 2.0288574126 2.7919677578 4.5982087881 -0.8025608633 1.5964116966 0.1407441139 -6.9374853970 1.1712788928 0.1337146450  
-1.1584597824 0.6438391938 0.2925522169 0.5807534490 -1.8702090785 0.5175347450 0.6893626352 0.0200286339 0.6650303752 0.8616242255 0.5133119362 0.4778773762 0.3987655329 0.5685634910 0.8637463288 -0.5556052924 0.3723518086 -0.0101976590 -2.5912114119 0.4588752182 0.2647558414  
-0.4683118832 0.6546005524 0.4739527324 0.6056711458 -0.4967602489 0.5530867292 0.7718308398 0.0148895261 0.6646775620 0.8646270964 0.5761697757 0.4238525688 0.4062162913 0.5965401933 0.8968249106 -0.1646058286 0.4463435254 0.0507095318 -1.2803462593 0.4742654793 0.4923813765  
-0.9292535651 1.6972752241 1.8980797013 1.3561470890 1.6694296593 1.3387147775 2.2377388243 0.0020367301 1.5537116661 2.0719046345 1.3760539208 0.6707585211 0.9044481771 1.3122617247 2.3164119215 0.0059974932 1.0856386889 0.3098183821 -1.6254033329 0.8156749739 1.2871021971  
-0.1644363144 0.7139921035 0.6854678288 0.6406900026 0.3041032171 0.5913215354 0.8861230534 0.0120263944 0.6702114264 0.8963567072 0.6572295994 0.3989573721 0.4209870748 0.6302746844 0.9831751243 0.0842691515 0.5406559065 0.1681155780 -0.5857184806 0.5059687980 0.5711503479  
-0.4487324676 1.5184034315 1.7954216296 1.2817591936 1.8105534218 1.2588613833 2.0559516555 0.0111046264 1.3727488903 1.9206964517 1.2499568425 0.6520698939 0.7370965959 1.1630656772 2.1438271027 0.1543764795 1.1244531116 0.4480112889 -0.8238598792 0.8287852014 1.0780628194  
-1.5435539632 0.5714937485 0.0232842599 -0.5480736916 0.1449827615 -0.2993151060 -1.1872933287 0.0622891217 -0.2843384440 -0.6083392686 -2.1492512909 0.0735739136 0.1093127158 -0.7376731580 -0.5394223631 0.0201563249 -0.3766512687 0.3575848625 -1.0583772095 -1.3011139022 -0.7806505919  
-3.5084110616 0.4699202789 -0.2543448992 0.1698166173 -0.7370457273 0.0532487452 -0.0977229033 0.0546827127 0.4212165014 0.6251393457 -0.8463595948 0.4976666046 0.1659743167 0.0763953827 0.3215846701 -0.8321047352 -0.2065113762 -0.0924282486 -2.8961451157 -0.2762038161 -2.1943214780  
-0.0234614902 -0.2612016398 -0.4710237856 -1.9230935226 0.0490821730 -1.6117134671 -3.2570506937 0.0584077077 -2.0627760881 -2.8183562123 -0.9714413149 -0.4741017942 0.2459017882 -2.3593484086 -1.8135706884 0.2215134462 -1.6442807314 -0.1052067320 -0.2408385689 -0.6075750720 0.0210919055  
-1.0357222178 -0.2830040000 -1.2658479004 -0.2780219457 -0.5925015747 -0.5409036199 -1.2338544733 0.0499043802 -0.1121681880 -0.1313557969 -0.5207679943 0.3826385723 0.2548036667 -0.3250879801 -0.6655624557 -0.4240135176 -0.7729124213 -0.3926116583 -1.9278989170 0.1552104770 -0.2080635558  
4.2373753773 1.4558033230 2.6814469778 -3.9687868232 1.5963344046 -8.8582555490 -8.2964186241 -0.0017455806 -7.3088119704 -10.9004042164 1.8876645402 -0.6115413688 2.1647421564 -1.2519471833 -4.6246700387 3.7852493600 -3.5544982585 3.7096232410 4.7438640752 2.0809767943 1.9695690616  
0.7230458178 -0.4836589916 -0.0960712447 -0.7402412466 0.3712031453 -4.9860047224 -2.4836867014 0.0236222317 -0.9107344924 -1.8596550236 0.3432079252 0.2588813352 0.4156313582 -0.0913899109 -1.4843855468 0.6481866654 -4.5163163416 -0.2058557384 0.6683504194 0.5777114458 0.4336060726  
0.7443143668 -0.0482331751 0.1601020502 -0.0954103772 0.3680664973 -1.6034270805 -1.1424340907 0.0138477690 -0.3685341403 -0.8937044908 0.4320608901 0.3014605985 0.3926317671 0.1935081906 -0.6926526662 0.6513006950 -1.2304468587 0.2781930800 0.7926478944 0.6001905877 0.4207821207  
1.9300795446 0.6230597042 1.4033709578 -0.0122401689 0.9333211517 -1.1174109639 -2.0276344036 0.0029945460 -0.8244852602 -2.0292672196 0.9739822050 0.5873423999 0.8138349544 0.5554609278 -1.1644630925 1.6684801896 0.2845298719 1.9932131801 2.3819488911 1.2751247448 0.7653218469  
0.7440867305 0.1872529803 0.3731783246 0.1057738056 0.4034155744 -0.2229738373 -0.5186864661 0.0095311403 -0.1350595950 -0.4322046194 0.4717597769 0.3020400972 0.3655154150 0.2876468571 -0.2069506913 0.6330051777 0.0721756979 0.5230315088 0.8674290182 0.5820963564 0.4018376735  
1.6400025797 0.4619534703 1.2039192803 0.1173928506 0.8620313859 0.0078081436 -1.1220608187 0.0031176826 -0.4526023218 -1.1134144991 0.8168244292 0.4734111428 0.5835937161 0.4387146115 -0.5981006161 1.3261347775 0.8554868726 1.6972167142 2.1084456815 1.0578486598 0.6152514476  
-0.1508396095 -0.6536006509 -3.3063288920 0.0936898455 -0.7862834286 -0.3192907408 -0.6037704843 0.0367492919 0.1786257926 0.1761602193 0.0751265457 0.4372671662 0.2557478467 0.1765577222 -0.6156742787 -0.3810483980 -0.5695778623 -0.8338796635 -2.1609900966 0.4577223528 0.2591901759  
0.2965725938 0.2763199730 0.0761352473 0.3164348179 0.1395262643 0.1711810352 0.1974290281 0.0166884989 0.2592161866 0.3095886369 0.4368011514 0.3079751068 0.3101951831 0.3701609217 0.3573555987 0.2821557349 0.1970526857 0.0831218062 0.0716264498 0.4636465871 0.3831518654  
0.2968358087 0.3310111469 0.3282824862 0.3135622466 0.3286599168 0.2608562023 0.2492864529 0.0164362088 0.2444926876 0.2992535328 0.4255268459 0.2712668660 0.2811649607 0.3541450884 0.3824344421 0.3070576859 0.3191801881 0.2488151977 0.2714976006 0.4262504114 0.3517703403  
-0.8155608234 0.0442740631 -0.0040242143 -0.2102060432 1.3339054358 -0.7218662625 1.0254039878 0.0038008508 0.1702702609 0.8427694664 0.1149239435 -0.6000301065 0.0635059813 -0.3641855086 0.8913195960 -0.3337697335 -1.4570539627 -1.2035568736 -1.2604936718 -0.3859607900 0.7932760812  
0.3800513616 -0.1630442768 0.4961798469 0.5063046732 0.3981503900 0.0304995436 0.1539014879 0.0021074144 -0.2099838047 0.5339160036 -0.1325207729 -0.0201130062 -0.5186963281 -0.3336538203 0.2926539260 -0.1331165368 0.1661430105 0.2092126040 0.7603740471 0.3436544415 -0.2916611042  
2.6602777284 2.4042864862 3.2012305916 2.2457024711 3.0761839848 3.2352446886 2.4453907318 0.0058070414 2.2886894638 2.4510548414 3.3330881310 1.9591781277 1.9519613687 2.9614988340 2.4844002741 2.3033686534 3.5330486275 2.5371874472 2.5823217831 3.0133147929 3.1167282822  
