2.7047409710 -7.1390429783 0.8805424502 -0.2208263462 0.9910830193 -0.3023510528 0.0273438973 -7.7825260521 0.0195074286 2.1214261417 3.3711375499 -9.5035677746 0.9127959299 1.7524804914 3.8504775252 -8.3213494093 0.5511031847 2.5687611192 2.1389987984 -2.8711346103 -0.9879155654  
0.5158685925 -0.8819078553 0.1392192188 0.1466750066 0.2833801760 0.1870002472 0.0281916188 -0.5162630368 -0.5405953734 0.3547399453 0.5523148627 -0.8112464162 0.2564625914 0.2523317642 0.5472119878 -0.2599139584 0.0570346024 0.5449143162 0.3862060466 -0.3070924144 0.2852224672  
0.4283002264 -0.3143598340 0.1556258989 0.2439963639 0.2209973243 0.2069253778 0.0224079378 -0.1464563803 -0.0598295436 0.3885531954 0.4784104405 -0.2799097980 0.2986500085 0.2482650868 0.5204615901 -0.0801362038 0.1998111643 0.4386010371 0.3579863282 0.0463931648 0.3261799717  
0.9382671475 -0.6908647546 0.4028302691 0.5436969415 0.3602010791 0.1722593606 0.0170627213 -0.5817482206 0.4561029455 1.0316811987 1.1850749137 -0.8508433355 0.6231889526 0.6381865403 1.5859301219 -0.5013996416 0.5349387129 0.8134738009 0.8045968896 0.1651292261 0.6885097119  
0.3800486748 -0.0896134067 0.1806219141 0.2683119427 0.1827373113 0.2194102332 0.0199989792 -0.0585731317 0.1701586477 0.4453831347 0.4594543649 -0.1273338488 0.3296875036 0.2751713627 0.5606771383 -0.0349451189 0.2864410225 0.3735404851 0.3632995289 0.1474733678 0.3428925636  
0.7672198715 -0.2756921460 0.3591525905 0.4407021559 0.2718620326 0.2405690166 0.0231081811 -0.3710694194 0.4923718332 0.9359819197 0.9538067538 -0.4572212186 0.6214216640 0.5341857479 1.3971478478 -0.2662858015 0.5355070018 0.6320816635 0.6859972651 0.2148016222 0.6136869380  
-0.1649240194 -1.0941705994 -0.3292191411 -0.4105714714 0.7891325405 -0.6472627267 0.0514029476 0.1451459905 0.3464158493 0.0327012507 0.2726926608 -0.5167628129 -1.8819050560 0.5093961603 -0.3061298221 -0.2709877376 -0.6185885486 0.2293910182 -0.6285188894 -0.7102224884 -1.6492332458  
0.4821326331 -2.4605356238 -0.1352849832 -1.2501506407 0.5457011711 -0.2161335282 0.0482519687 -1.5508236565 -0.4450026242 -0.0937968683 0.4832527016 -2.2637160610 -0.7158085562 0.2546066245 0.1636599970 -1.4110559205 -0.7657860654 0.6062488092 -0.0809987276 -2.0512923464 -2.0342860451  
-1.5461267226 0.0040354399 -0.3792332491 0.0969447032 0.6517550275 -1.2523245742 0.0375939833 0.7232727711 0.3108308487 -0.4368720974 -0.5452496738 0.4676632481 -3.3175108497 0.2663298122 -1.8656911776 0.6371722427 -0.4732437756 -1.1110928469 -1.1264461024 -0.0128189446 -0.4127094547  
0.0629456874 -0.5701905872 -0.1456647891 -0.0779366840 0.4595879349 -0.0538580593 0.0407553653 0.1665731365 -0.1699716947 -0.3493151907 -0.0550439672 -0.0994453381 -0.8513915382 0.0506718832 -0.9015599944 0.2609924022 -0.6086414545 0.2452102272 -0.2640644586 -0.3991708917 -0.2067440888  
-10.7828526090 3.8442969020 0.4337021463 2.3949895263 1.9406309480 1.3532141619 -0.0115742464 4.3878996723 2.7176059482 0.9406611764 -2.4340790029 4.2002562238 -2.9371227701 2.5738415852 -6.2851886222 3.4967053145 2.6932787106 -6.5313786809 -0.2782369673 3.0423131050 0.9459566584  
-0.8152743090 0.6223121233 0.0798217857 0.4807562916 0.4379839134 0.5254618685 0.0201845514 0.7784808604 0.4894228055 -0.1294372801 -0.4273669503 0.7678913196 -0.0354714205 0.3616823726 -2.2017513586 0.7249460102 0.4030629094 -0.2683180031 0.0138309202 0.5319413368 0.3892906126  
-0.2679443003 0.6007380385 0.1521556252 0.4469407782 0.3578133309 0.5707355111 0.0210315983 0.6627698343 0.4492252424 0.1706188960 -0.1428838726 0.6865942040 0.3023155379 0.3616141551 -0.9534846541 0.6281662077 0.4509987928 0.0759729966 0.2325834049 0.4925285499 0.4019946206  
-0.8290277885 1.6905732001 0.4321915201 0.8879875120 0.7398572416 1.4157758534 0.0182099521 1.4944304609 1.1624469825 0.7858604511 -0.4617215831 1.6637075439 0.8646571236 1.0355390489 -1.4137367649 1.3416585271 1.2326610542 -0.0384003060 0.5932821258 1.1604134594 0.7374808864  
-0.0850164921 0.5958587714 0.1871704358 0.4159008885 0.3051307265 0.5553878260 0.0230110480 0.5671655783 0.4340498760 0.3186072466 0.0044495591 0.6269657724 0.3662475639 0.3792611797 -0.3335941915 0.5497082805 0.4758413239 0.1626219838 0.3030809326 0.4606296097 0.4059719521  
-0.3758050667 1.5097964040 0.3965437207 0.7717121889 0.5947879895 1.1696828792 0.0269588441 1.2025628216 1.0096312247 0.7708246251 -0.2107959797 1.4295063931 0.7769550708 0.8583030602 -0.6689476432 1.1670847665 1.0603879287 0.1127354883 0.5701867170 0.9840702476 0.7665879310  
0.2499756699 -0.1558248421 0.0020663707 0.2565184691 0.2717388353 0.3219711919 0.0304409020 0.3377829450 -0.1925468585 -0.3318372015 0.0382443555 0.2423106152 0.0479223938 -0.1632101451 -0.7815534294 0.3979754568 -0.1728006318 0.3867887430 0.0907457876 0.0905924656 0.2959960896  
0.1782407272 0.2206568828 0.1338463754 0.2863634882 0.2048636888 0.3359697414 0.0244990288 0.2527954744 0.2038542777 0.2739171124 0.2253561912 0.2535702363 0.2783036810 0.2245460217 0.1188632227 0.2591155565 0.2839983044 0.2689422497 0.2703571251 0.2485726901 0.3222723297  
0.2135405777 0.2912762109 0.1914458994 0.3059230902 0.2360893179 0.3625570228 0.0419852905 0.2701453975 0.2932524249 0.3561896581 0.2645091963 0.2961414734 0.3237787211 0.2917129047 0.2344885623 0.2909415229 0.3397541207 0.2780856288 0.3072557744 0.2844981594 0.3521659431  
0.7192698967 -0.8176645868 -0.0435109817 0.5488103712 -0.0969778388 -1.1794383557 -0.0048381927 -0.4105676744 0.4575546326 0.0529421010 0.6971283273 -0.9072040753 -0.6706913983 -0.1021563244 0.8989521929 -0.6387155403 -0.2298775974 -0.1533355143 -0.0518462512 0.2197344485 0.7367985761  
0.3226713754 1.0306190159 0.1214807296 -0.3251814009 -0.0365229346 0.4028902595 0.0008996390 -0.8045325052 -0.0910552109 0.2127978560 -0.3039225380 0.3539392495 1.0405801302 -0.3728923364 -0.0195373519 0.7612488457 0.3134187322 -0.6243827071 -0.0617895984 -0.1980456860 0.9267516412  
2.0993769687 2.4608432084 1.4196863497 2.4408313119 1.0550209747 2.3498448029 0.0043520602 2.1393594782 2.4619021592 2.5444039384 1.7928830631 2.1782552755 3.1277204151 2.3061982760 2.5085091500 2.1354746451 2.6377313880 2.2350397620 2.4817054240 2.5982559995 2.9589750762  
