-5.6890766935 3.5254951833 -8.2397664522 0.6759411963 -0.1979725775 0.2668956199 0.8850979672 2.1029540696 0.0002951855 1.4615272345 2.6039439629 3.7437512415 3.4353487091 2.4145270206 1.5440048357 -6.6569537637 -0.1782838068 -2.5379875691 -2.2661998398 1.1532158949 3.0887017103  
-0.5408545985 0.6257167153 -0.6315915090 0.2772430955 -1.2614356471 0.1752826245 0.3566195231 0.4713979887 0.0000161368 0.3612306120 0.2727598065 0.6084917928 0.3718926948 0.5401643423 0.4337985043 -0.5246731571 0.2369093996 -0.3465551162 -0.0510903182 0.2751237926 0.6011609717  
-0.2497824005 0.5624879723 -0.0820353525 0.2311913597 -0.3708837574 0.2576441968 0.3772774498 0.4003247986 -0.0001254478 0.3785349103 0.3718460506 0.5652442168 0.4139544707 0.5068667213 0.3851981889 -0.1410273349 0.2438915902 -0.1796041986 0.1470010334 0.2655894639 0.5100079411  
-0.8481615278 1.3251996401 -0.4310747992 0.2621059435 0.5112086983 0.5658330192 0.7202975010 0.6974934034 -0.0005294125 0.7022046563 1.0099077736 1.5129322098 1.3176612197 1.0343324852 0.5521545460 -0.5004188573 0.1013943072 -0.5710598476 0.2271541464 0.3715379520 1.0138975124  
-0.1008525161 0.6075301630 0.1323384468 0.2167402410 0.2189821987 0.3273480856 0.4423861455 0.3832718837 -0.0001022186 0.4354100793 0.4754154558 0.6564324885 0.5376912218 0.5444831389 0.3838550294 0.0286219978 0.2749923208 -0.0158208209 0.2522623027 0.2799428700 0.4969214259  
-0.5104519248 1.2645242275 0.0251469796 0.2427292456 0.9125734999 0.5399610163 0.7861465135 0.6393015499 -0.0003524320 0.7621835171 0.9542331091 1.5499235815 1.2494014424 1.0386001019 0.5447434365 -0.1395218572 0.2551384123 -0.2358175356 0.3394382050 0.3231317658 0.9194630234  
0.0197336125 -0.2334092713 -0.2334427181 0.6943376858 0.4404450783 -0.1149533221 -1.6642326181 0.2706650447 0.0002097146 -1.1022223672 0.6569771378 0.2111810783 0.5081911300 0.0077406535 0.3212809848 -1.2068729350 -0.4497809836 0.1944775703 0.0364193029 0.4976712459 -0.0804406487  
-1.0178884521 0.3187490294 -1.4023288205 0.4504235868 -0.3459953258 -0.7589432421 -0.9127502273 0.6710582635 0.0001253902 -0.1452709509 0.3196811009 0.6030672798 0.4244206118 0.3965124847 0.5265393590 -2.5345645880 0.0650229405 -0.3909853045 -0.9293055898 0.2629241721 0.7437147512  
0.8012760195 -0.9909673942 0.6268470693 0.7179767290 0.4514728835 0.2131902670 -0.4846335082 -0.1998555673 -0.0003899431 -2.1932684468 0.3391324157 -1.3904158664 -0.4032154161 -1.3039898309 -0.5531108429 0.2097758542 -0.6500342076 0.8411780014 0.6199564338 0.7343684842 -1.5392077805  
0.2595463765 -0.1813488033 0.1896531237 0.5512106661 0.0439786165 0.0129668963 -0.0599086960 0.4340874057 -0.0003274057 -0.3926179011 0.0764814601 -0.5019431013 -0.2411577037 -0.2493812694 0.2832486312 -0.2681825467 0.2586282717 0.2471928380 0.3048151619 0.5226968237 0.2704704943  
4.4784836615 -3.4468732304 3.2866541551 2.0237268451 1.8782451020 2.4408161383 1.2586044687 -0.7836695748 -0.0000394100 -0.3185155404 2.2908604886 -8.3442464630 -0.1386415488 -4.2413854955 1.2167638714 3.7037012535 3.2066505857 5.1768838076 2.9632935971 3.6820700584 -5.8209053506  
0.7799505175 -0.8088026849 0.7826345597 0.4939207182 0.5518124142 0.4802674616 0.4567835496 0.1163622266 0.0001879244 0.1935505993 0.4281773858 -4.3827824258 -0.1669116110 -2.7637018069 -0.0794669892 0.6854904758 0.6800001702 0.8986670441 0.6763250752 0.6977741209 -0.4377431505  
0.7231369479 -0.3572977655 0.7465734121 0.4169884863 0.5402763955 0.4623841576 0.5033780788 0.1996862856 0.0000477508 0.4341253330 0.4422946683 -2.4825312090 0.0117973303 -0.7585514445 0.3007750165 0.6927824834 0.6941641882 0.8631291140 0.6096344835 0.6315202017 -0.0720999947  
1.7809809384 -0.7318494327 1.5736428784 0.7429316422 1.0940204490 0.9398111303 0.9812540409 0.2016997586 -0.0002535649 1.0399084462 1.0015838577 -3.1140648477 0.1299505504 0.1575706627 1.2390299172 1.7684139452 1.7362726877 2.2900124974 1.1951922356 1.3633929640 -0.5293011584  
0.7240854426 -0.0805554602 0.7370998003 0.3845350493 0.5709978389 0.4720556775 0.5544495423 0.2385271688 0.0000256605 0.5152401187 0.4689904529 -1.1567865785 0.1490136508 0.0650262486 0.4883917359 0.7541416487 0.7292749750 0.9041708421 0.5823406252 0.6064156691 0.0633104738  
1.5596168692 -0.3405638654 1.4568146215 0.6521662782 1.1091497375 0.8334579028 1.0531890536 0.2737902714 0.0001039596 0.9697251322 0.8560861028 -1.6828239076 0.1914842663 0.5561862589 1.0877622413 1.6982230516 1.5183589664 2.0706093006 1.0590357378 1.1112895732 -0.2247456118  
0.2801566118 -0.1765241925 0.4082483399 0.4090058871 0.0434174098 0.2475540590 0.3830804828 0.3950320210 0.0000599597 0.2411369754 -0.0785069257 -1.1212222829 -0.4507599164 -0.1279004451 0.3207096011 0.1689719737 0.4678849252 0.0879916945 0.4225905741 0.4095106978 0.3840016785  
0.3151559157 0.2784382032 0.4452681519 0.2917289696 0.3243875027 0.3431412893 0.4435358552 0.3197060190 0.0003730689 0.4136896059 0.3646359055 -0.0792448893 0.2414135222 0.2923689950 0.3843971284 0.3561073155 0.4582549516 0.3826203806 0.3904687239 0.3961891141 0.3330029752  
0.4105096168 0.4069289666 0.5477638445 0.3644185709 0.5134283870 0.4368075403 0.5476697649 0.3943448440 -0.0003483473 0.5205790912 0.4851519855 0.2391093029 0.4079534398 0.4821515433 0.4904744871 0.4918898136 0.5406007315 0.5139778960 0.4698862732 0.4531237498 0.3948458073  
-0.6014546670 0.9467850139 -0.3555145472 0.0337301703 1.5094599795 0.5471666205 0.1440653882 0.0200492853 -0.0000877823 -0.4557010986 0.4376024858 1.0126160070 0.8623324816 -0.6754795310 -0.9134426629 -0.6035957472 -1.2233097088 -1.0785697983 0.4301960475 -0.0380162701 0.4898398957  
-0.5457674688 -0.0122609976 1.0520168239 -0.2124342754 0.5054819237 -0.3501307547 1.2903991187 -0.0264408855 -0.0002784335 0.7030509595 -0.2154737448 0.2545404757 -0.4041444291 0.5528244652 -0.3413815977 1.0221060368 0.2186859764 0.1846621144 -0.1485379011 -0.8744376763 -0.5052364071  
1.7575946854 2.2285030465 2.1327487168 0.9391973752 2.6635077041 2.2544296054 2.3388794387 1.4079928377 0.0002365793 2.5151611474 2.4314587496 2.4132629491 2.6174144919 2.4769554647 2.1725480026 2.2326796620 2.2476709586 2.1423196835 2.2067021345 2.0931481133 2.1762935844  
